4 Floor 0.008832 0.270000 0.801126 7.679345 0.730000 7.627197 0.000000 0.023902 0.000000 0.999714
2 Cabinet -0.506346 0.705000 2.139289 0.734010 1.380000 3.673195 0.000000 0.714656 0.000000 0.699476
1 Microwave -1.575740 0.975231 2.212044 0.551474 0.340462 0.366719 0.000000 0.020578 0.000000 0.999788
3 Wall -0.055783 1.485000 0.685591 5.272968 3.020000 8.121732 0.000000 -0.743929 0.000000 0.668259
32 Cabinet -0.770798 1.750000 2.230614 0.125430 0.850000 2.674576 0.000000 0.719601 0.000000 0.694388
193 Microwave -1.313026 1.005401 2.231335 0.085330 0.299197 0.436567 0.000000 -0.048112 0.000000 0.998842
132 Refrigerator 1.514431 0.800000 2.039738 0.495163 1.470000 0.825975 0.000000 0.925223 0.000000 0.379423
144 Bottle 0.455000 0.935000 2.399085 0.100000 0.100000 0.071830 0.000000 0.000000 0.000000 1.000000
143 Bottle 0.357645 0.970000 2.422516 0.065616 0.150000 0.133568 0.000000 0.508994 0.000000 0.860770
210 Chair -0.662112 0.445000 0.442202 0.552052 0.820000 0.632551 0.000000 0.147074 0.000000 0.989125
218 Chair -1.567426 0.468285 0.151362 0.526244 0.846570 0.617193 0.000000 -0.741232 0.000000 0.671249
221 Table -0.893723 0.755000 0.012195 0.847348 0.080000 0.828801 0.000000 0.887368 0.000000 0.461062
243 Chair -0.276030 0.450000 -0.351972 0.613367 0.810000 0.575127 0.000000 0.972537 0.000000 -0.232747
250 Chair -0.957608 0.490000 -0.521432 0.588107 0.790000 0.628445 0.000000 -0.032333 0.000000 0.999477
253 Toilet -1.761145 0.372450 -0.862437 0.297047 0.628748 0.489166 0.000000 -0.721675 0.000000 0.692232
266 Cabinet 1.370390 0.735000 -0.660627 0.538376 1.640000 1.486087 0.000000 -0.762634 0.000000 0.646830
401 Oven 1.910919 1.522783 -0.495876 0.049820 0.024433 0.210227 0.000000 0.686381 0.000000 0.727242
399 Oven 1.454935 1.115000 -0.709097 1.281872 0.860000 0.383292 0.000000 -0.035912 0.000000 0.999355
0 Background 0.355338 1.290000 0.866444 4.044828 2.750000 7.777075 0.000000 0.616990 0.000000 0.786971
