2 Floor -1.451588 0.376844 -0.097449 3.015676 0.916312 4.666502 0.000000 0.698096 0.000000 0.716005
1 Wall -1.502546 1.358803 -0.015052 4.930931 2.872395 3.224115 0.000000 0.999992 0.000000 -0.003948
14 Ceiling -3.258163 2.537284 0.700456 1.286832 0.055431 0.984288 0.000000 0.726725 0.000000 0.686928
16 Backpack -2.255000 0.200866 1.220688 0.460000 0.443272 0.268623 0.000000 0.000000 0.000000 1.000000
101 Table -0.476283 0.429674 0.963921 0.856086 0.970651 2.587908 0.000000 0.692530 0.000000 0.721389
90 TV -1.415353 0.950000 1.082387 0.062735 0.350000 0.440977 0.000000 0.670005 0.000000 0.742356
112 Chair -0.924305 0.619258 0.578133 0.515688 0.648517 0.633067 0.000000 -0.720357 0.000000 0.693603
174 TV -0.935158 0.920000 1.162036 0.063996 0.330000 0.560231 0.000000 -0.710685 0.000000 0.703510
207 Backpack 0.298609 0.940000 0.803485 0.315149 0.250000 0.450764 0.000000 0.963149 0.000000 0.268969
701 Table -0.636448 0.385616 -0.660610 2.979990 0.881231 1.875639 0.000000 0.999208 0.000000 0.039801
276 Chair -0.145452 0.705000 -0.339913 0.622929 0.640000 0.658753 0.000000 0.998779 0.000000 -0.049393
318 Chair 0.308673 0.645000 0.370718 0.669339 0.620000 0.635610 0.000000 0.915567 0.000000 -0.402165
351 Chair 0.843577 0.293447 0.571259 0.101744 0.443107 0.350938 0.000000 -0.024092 0.000000 0.999710
322 TV -0.201895 0.980000 1.154978 0.103916 0.350000 0.425842 0.000000 -0.778315 0.000000 0.627874
480 TV 0.240677 0.930000 1.216153 0.060492 0.330000 0.407727 0.000000 -0.660656 0.000000 0.750689
698 TV 0.520114 0.955000 -1.098914 0.111799 0.400000 0.574312 0.000000 0.943286 0.000000 -0.331980
760 TV -0.567718 0.920000 -1.215107 0.062046 0.370000 0.488725 0.000000 -0.577854 0.000000 0.816140
762 TV -0.036977 1.005000 -1.285501 0.068325 0.460000 0.785017 0.000000 -0.701964 0.000000 0.712212
802 TV -1.018147 0.935000 -1.317263 0.063185 0.360000 0.457279 0.000000 -0.761681 0.000000 0.647953
1018 Chair -1.504174 0.448508 -0.656399 0.490883 0.062152 0.472258 0.000000 -0.013154 0.000000 0.999913
961 Chair -1.624716 0.675000 -0.440835 0.486778 0.640000 0.826868 0.000000 0.914633 0.000000 -0.404286
964 TV -1.570397 0.974427 -1.289268 0.081749 0.498855 0.870002 0.000000 0.711480 0.000000 0.702706
963 Keyboard -1.473213 0.740713 -0.986150 0.146008 0.048573 0.445129 0.000000 0.732160 0.000000 0.681133
1023 Chair -1.245327 0.465000 -0.553685 0.058047 0.180000 0.403144 0.000000 -0.021175 0.000000 0.999776
1033 Chair -3.492913 0.725000 -0.486462 0.526657 0.580000 0.649771 0.000000 -0.673763 0.000000 0.738947
1079 Microwave -2.889713 0.430000 -1.165402 0.406964 0.750000 0.471852 0.000000 0.640747 0.000000 0.767752
1123 Book -2.730000 0.875000 -1.369582 0.130000 0.060000 0.220645 0.000000 0.000000 0.000000 1.000000
1124 Book -2.840036 0.870000 -1.267748 0.014550 0.070000 0.190129 0.000000 -0.711588 0.000000 0.702597
1240 Refrigerator -3.476868 0.170000 -1.190947 0.058961 0.230000 0.421870 0.000000 -0.732616 0.000000 0.680642
0 Background -1.472960 1.370106 -0.039134 3.060198 2.870212 4.780890 0.000000 -0.708043 0.000000 0.706169
