2 Floor -1.456460 0.370000 -0.088398 4.623492 0.890000 3.016664 0.000000 0.999934 0.000000 0.011486
1 Wall -1.490953 1.374045 -0.004206 4.885061 2.900526 3.244301 0.000000 1.000000 0.000000 0.000644
21 Ceiling -1.441469 2.185740 -0.074766 4.525570 1.221480 2.938911 0.000000 -0.006851 0.000000 0.999977
29 Backpack -2.263180 0.199594 1.219326 0.262136 0.438082 0.452689 0.000000 0.726989 0.000000 0.686650
51 Cabinet -1.254081 0.450000 0.686612 0.677942 0.630000 1.425843 0.000000 0.877037 0.000000 0.480422
57 Table -0.527642 0.435000 0.959014 0.854233 0.880000 2.342617 0.000000 0.693885 0.000000 0.720086
49 TV -1.419289 0.955000 1.080578 0.057884 0.340000 0.433019 0.000000 0.674724 0.000000 0.738070
58 Chair -0.924659 0.629418 0.555870 0.633547 0.628836 0.477620 0.000000 -0.028018 0.000000 0.999607
94 Backpack -0.122757 0.780000 0.900093 0.117626 0.110000 0.174405 0.000000 0.905589 0.000000 -0.424155
72 TV -1.115141 0.895000 1.141815 0.033628 0.240000 0.200471 0.000000 -0.714522 0.000000 0.699613
79 Chair 0.538704 -0.015000 0.701056 0.254755 0.080000 0.456913 0.000000 0.447213 0.000000 0.894427
92 Chair -0.133122 0.710000 -0.339188 0.593633 0.630000 0.656725 0.000000 0.049814 0.000000 0.998759
97 Chair 0.304050 0.640000 0.373021 0.671096 0.630000 0.640637 0.000000 0.918237 0.000000 -0.396031
102 TV -0.197047 0.990000 1.145498 0.102047 0.330000 0.420502 0.000000 -0.757883 0.000000 0.652390
197 TV -0.890079 0.925000 1.164129 0.059775 0.320000 0.490008 0.000000 -0.708680 0.000000 0.705530
229 Bed 0.306775 0.810000 0.657999 0.071098 0.150000 0.251557 0.000000 -0.584446 0.000000 0.811433
169 TV 0.309740 0.935000 1.211153 0.027859 0.320000 0.269384 0.000000 0.730583 0.000000 0.682824
184 TV 0.220165 0.935000 1.221704 0.023539 0.320000 0.351200 0.000000 -0.689974 0.000000 0.723835
245 TV 0.543866 0.955000 -1.098385 0.159997 0.400000 0.575887 0.000000 0.369757 0.000000 0.929129
244 Table -0.577880 0.415000 -1.049089 0.940967 0.820000 2.712241 0.000000 -0.710306 0.000000 0.703893
263 Table -0.100850 0.300000 -1.119408 0.076674 0.530000 1.031199 0.000000 0.718076 0.000000 0.695964
275 TV -0.580500 0.920000 -1.209700 0.048207 0.350000 0.477723 0.000000 0.815975 0.000000 0.578087
272 TV -0.009939 0.995000 -1.285072 0.062342 0.440000 0.730107 0.000000 -0.705831 0.000000 0.708380
292 Table 0.304799 0.370000 -1.108515 0.028867 0.070000 0.219212 0.000000 0.741362 0.000000 0.671106
287 Book -0.894294 0.775000 -1.058268 0.260764 0.100000 0.334149 0.000000 0.999543 0.000000 -0.030229
285 TV -1.022104 0.940000 -1.319325 0.054167 0.350000 0.448520 0.000000 0.642617 0.000000 0.766187
331 Chair -1.443111 0.669595 -0.393184 0.447791 0.629190 0.718564 0.000000 -0.511858 0.000000 0.859070
334 TV -1.579807 0.970000 -1.310389 0.129505 0.490000 0.850039 0.000000 0.705067 0.000000 0.709140
333 Keyboard -1.472545 0.741396 -0.985588 0.146609 0.047209 0.447810 0.000000 0.733422 0.000000 0.679774
348 Chair -1.574906 0.524346 -0.616901 0.559812 0.278692 0.536199 0.000000 1.000000 0.000000 0.000000
358 Chair -3.508437 0.720000 -0.499670 0.521186 0.590000 0.643299 0.000000 -0.714797 0.000000 0.699332
362 Chair -1.486178 0.759484 -0.363155 0.217451 0.468968 0.498544 0.000000 -0.712398 0.000000 0.701776
436 Cabinet -3.420926 0.460000 -1.236546 0.330299 0.850000 0.527019 0.000000 -0.451000 0.000000 0.892524
409 Microwave -2.905857 0.530000 -1.142488 0.470654 0.550000 0.325162 0.000000 0.999755 0.000000 0.022135
429 Refrigerator -2.914365 0.260455 -1.106506 0.459995 0.490909 0.399051 0.000000 0.999997 0.000000 0.002244
440 Cabinet -1.855000 1.827172 -1.418196 0.920000 0.444344 0.166392 0.000000 0.000000 0.000000 1.000000
443 Book -2.776533 0.875000 -1.369953 0.210712 0.060000 0.243136 0.000000 0.705144 0.000000 0.709064
0 Background -1.466862 0.820000 -0.109496 2.927225 1.750000 4.876698 0.000000 -0.684184 0.000000 0.729309
